DB12-MOMJIJ_clean_repeat
         0         3       176
     12.754600000000      0.000000000000      0.000000000000
      4.311185641311     13.260589610049      0.000000000000
      0.634148259838      2.916454320795     15.221960761323
La             1
      4.046098053748      6.966468702401      3.930614707789
O              2
      6.527207224489      7.371797274252      4.205827758354
O              3
      8.428948088087      7.569514512744      5.372743270317
O              4
      5.108173465344      5.677020080376      2.077188765490
O              5
      5.656469581926      3.634274018901      2.814540544769
O              6
      6.653733452322      4.589055036315     11.438390194489
O              7
      7.103224059246      6.708017136101     10.894661756094
N              8
      5.065765441797      7.589396549203      6.448935896142
N              9
      5.890560853411      2.742397169650      0.256642258436
N             10
      6.682882146998      7.524711361650     13.413135164055
C             11
      7.183400162552      7.583436942272      5.255077513632
C             12
      6.369175710653      7.867184159030      6.504191613706
C             13
      4.360939205544      7.803209570474      7.568358890530
C             14
      5.513187378302      4.484938747924      1.928622428460
C             15
      5.785571642431      4.054709877949      0.492887089452
C             16
      6.666211091982      5.283581084828     14.205133782467
C             17
      6.832198248386      5.793037024933     11.714821001914
C             18
      6.707645183006      6.208105565996     13.164864984038
C             19
      6.539743294883      7.898647953293     14.683103350372
H             20
      3.454040346242      7.533171974127      7.550092537616
H             21
      6.739458308837      4.378132972728     14.005726096493
H             22
      6.518710156244      8.806005415218     14.885555428498
La            23
      5.120943026746      2.580280423419     11.291346053534
O             24
      2.639833856005      2.174951851568     11.016133002969
O             25
      0.738092992407      1.977234613076      9.849217491006
O             26
      4.058867615150      3.869729045444     13.144771995833
O             27
      3.510571498568      5.912475106919     12.407420216554
O             28
      2.513307628172      4.957694089505      3.783570566834
O             29
      2.063817021248      2.838731989719      4.327299005229
N             30
      4.101275638696      1.957352576617      8.773024865181
N             31
      3.276480227083      6.804351956170     14.965318502887
N             32
      2.484158933496      2.022037764170      1.808825597268
C             33
      1.983640917942      1.963312183548      9.966883247691
C             34
      2.797865369841      1.679564966790      8.717769147617
C             35
      4.806101874950      1.743539555346      7.653601870793
C             36
      3.653853702191      5.061810377896     13.293338332863
C             37
      3.381469438063      5.492039247871     14.729073671871
C             38
      2.500829988511      4.263168040992      1.016826978856
C             39
      2.334842832107      3.753712100887      3.507139759409
C             40
      2.459395897488      3.338643559824      2.057095777285
C             41
      2.627297785611      1.648101172527      0.538857410951
H             42
      5.713000734252      2.013577151693      7.671868223707
H             43
      2.427582771657      5.168616153092      1.216234664830
H             44
      2.648330924249      0.740743710602      0.336405332825
La            45
      6.201690874404     13.596763507425      3.930614707789
O             46
      8.682800045144     14.002092079276      4.205827758354
O             47
     10.584540908743     14.199809317769      5.372743270317
O             48
      7.263766285999     12.307314885401      2.077188765490
O             49
      7.812062402582     10.264568823925      2.814540544769
O             50
      8.809326272977     11.219349841340     11.438390194489
O             51
      9.258816879902     13.338311941126     10.894661756094
N             52
      7.221358262453     14.219691354228      6.448935896142
N             53
      8.046153674067      9.372691974674      0.256642258436
N             54
      8.838474967653     14.155006166675     13.413135164055
C             55
      9.338992983208     14.213731747297      5.255077513632
C             56
      8.524768531309     14.497478964055      6.504191613706
C             57
      6.516532026199     14.433504375499      7.568358890530
C             58
      7.668780198958     11.115233552948      1.928622428460
C             59
      7.941164463087     10.685004682973      0.492887089452
C             60
      8.821803912638     11.913875889852     14.205133782467
C             61
      8.987791069042     12.423331829958     11.714821001914
C             62
      8.863238003662     12.838400371021     13.164864984038
C             63
      8.695336115538     14.528942758318     14.683103350372
H             64
      5.609633166897     14.163466779152      7.550092537616
H             65
      8.895051129492     11.008427777753     14.005726096493
H             66
      8.674302976900     15.436300220243     14.885555428498
La            67
      7.276535847401      9.210575228444     11.291346053534
O             68
      4.795426676661      8.805246656593     11.016133002969
O             69
      2.893685813062      8.607529418100      9.849217491006
O             70
      6.214460435806     10.500023850468     13.144771995833
O             71
      5.666164319223     12.542769911944     12.407420216554
O             72
      4.668900448828     11.587988894529      3.783570566834
O             73
      4.219409841903      9.469026794743      4.327299005229
N             74
      6.256868459352      8.587647381641      8.773024865181
N             75
      5.432073047738     13.434646761195     14.965318502887
N             76
      4.639751754152      8.652332569195      1.808825597268
C             77
      4.139233738597      8.593606988573      9.966883247691
C             78
      4.953458190496      8.309859771814      8.717769147617
C             79
      6.961694695606      8.373834360371      7.653601870793
C             80
      5.809446522847     11.692105182921     13.293338332863
C             81
      5.537062258718     12.122334052896     14.729073671871
C             82
      4.656422809167     10.893462846017      1.016826978856
C             83
      4.490435652763     10.384006905911      3.507139759409
C             84
      4.614988718143      9.968938364848      2.057095777285
C             85
      4.782890606267      8.278395977552      0.538857410951
H             86
      7.868593554908      8.643871956718      7.671868223707
H             87
      4.583175592313     11.798910958117      1.216234664830
H             88
      4.803923744905      7.371038515627      0.336405332825
La            89
     10.423398053748      6.966468702401      3.930614707789
O             90
     12.904507224489      7.371797274252      4.205827758354
O             91
     14.806248088087      7.569514512744      5.372743270317
O             92
     11.485473465344      5.677020080376      2.077188765490
O             93
     12.033769581926      3.634274018901      2.814540544769
O             94
     13.031033452322      4.589055036315     11.438390194489
O             95
     13.480524059246      6.708017136101     10.894661756094
N             96
     11.443065441797      7.589396549203      6.448935896142
N             97
     12.267860853411      2.742397169650      0.256642258436
N             98
     13.060182146998      7.524711361650     13.413135164055
C             99
     13.560700162552      7.583436942272      5.255077513632
C            100
     12.746475710653      7.867184159030      6.504191613706
C            101
     10.738239205544      7.803209570474      7.568358890530
C            102
     11.890487378302      4.484938747924      1.928622428460
C            103
     12.162871642431      4.054709877949      0.492887089452
C            104
     13.043511091982      5.283581084828     14.205133782467
C            105
     13.209498248386      5.793037024933     11.714821001914
C            106
     13.084945183006      6.208105565996     13.164864984038
C            107
     12.917043294883      7.898647953293     14.683103350372
H            108
      9.831340346242      7.533171974127      7.550092537616
H            109
     13.116758308837      4.378132972728     14.005726096493
H            110
     12.896010156244      8.806005415218     14.885555428498
La           111
     11.498243026746      2.580280423419     11.291346053534
O            112
      9.017133856005      2.174951851568     11.016133002969
O            113
      7.115392992407      1.977234613076      9.849217491006
O            114
     10.436167615150      3.869729045444     13.144771995833
O            115
      9.887871498568      5.912475106919     12.407420216554
O            116
      8.890607628172      4.957694089505      3.783570566834
O            117
      8.441117021248      2.838731989719      4.327299005229
N            118
     10.478575638696      1.957352576617      8.773024865181
N            119
      9.653780227083      6.804351956170     14.965318502887
N            120
      8.861458933496      2.022037764170      1.808825597268
C            121
      8.360940917942      1.963312183548      9.966883247691
C            122
      9.175165369841      1.679564966790      8.717769147617
C            123
     11.183401874950      1.743539555346      7.653601870793
C            124
     10.031153702191      5.061810377896     13.293338332863
C            125
      9.758769438063      5.492039247871     14.729073671871
C            126
      8.878129988511      4.263168040992      1.016826978856
C            127
      8.712142832107      3.753712100887      3.507139759409
C            128
      8.836695897488      3.338643559824      2.057095777285
C            129
      9.004597785611      1.648101172527      0.538857410951
H            130
     12.090300734252      2.013577151693      7.671868223707
H            131
      8.804882771657      5.168616153092      1.216234664830
H            132
      9.025630924249      0.740743710602      0.336405332825
La           133
     12.578990874404     13.596763507425      3.930614707789
O            134
     15.060100045144     14.002092079276      4.205827758354
O            135
     16.961840908743     14.199809317769      5.372743270317
O            136
     13.641066285999     12.307314885401      2.077188765490
O            137
     14.189362402582     10.264568823925      2.814540544769
O            138
     15.186626272977     11.219349841340     11.438390194489
O            139
     15.636116879902     13.338311941126     10.894661756094
N            140
     13.598658262453     14.219691354228      6.448935896142
N            141
     14.423453674067      9.372691974674      0.256642258436
N            142
     15.215774967653     14.155006166675     13.413135164055
C            143
     15.716292983208     14.213731747297      5.255077513632
C            144
     14.902068531309     14.497478964055      6.504191613706
C            145
     12.893832026199     14.433504375499      7.568358890530
C            146
     14.046080198958     11.115233552948      1.928622428460
C            147
     14.318464463087     10.685004682973      0.492887089452
C            148
     15.199103912638     11.913875889852     14.205133782467
C            149
     15.365091069042     12.423331829958     11.714821001914
C            150
     15.240538003662     12.838400371021     13.164864984038
C            151
     15.072636115538     14.528942758318     14.683103350372
H            152
     11.986933166897     14.163466779152      7.550092537616
H            153
     15.272351129492     11.008427777753     14.005726096493
H            154
     15.051602976900     15.436300220243     14.885555428498
La           155
     13.653835847401      9.210575228444     11.291346053534
O            156
     11.172726676661      8.805246656593     11.016133002969
O            157
      9.270985813062      8.607529418100      9.849217491006
O            158
     12.591760435806     10.500023850468     13.144771995833
O            159
     12.043464319223     12.542769911944     12.407420216554
O            160
     11.046200448828     11.587988894529      3.783570566834
O            161
     10.596709841903      9.469026794743      4.327299005229
N            162
     12.634168459352      8.587647381641      8.773024865181
N            163
     11.809373047738     13.434646761195     14.965318502887
N            164
     11.017051754152      8.652332569195      1.808825597268
C            165
     10.516533738597      8.593606988573      9.966883247691
C            166
     11.330758190496      8.309859771814      8.717769147617
C            167
     13.338994695606      8.373834360371      7.653601870793
C            168
     12.186746522847     11.692105182921     13.293338332863
C            169
     11.914362258718     12.122334052896     14.729073671871
C            170
     11.033722809167     10.893462846017      1.016826978856
C            171
     10.867735652763     10.384006905911      3.507139759409
C            172
     10.992288718143      9.968938364848      2.057095777285
C            173
     11.160190606267      8.278395977552      0.538857410951
H            174
     14.245893554908      8.643871956718      7.671868223707
H            175
     10.960475592313     11.798910958117      1.216234664830
H            176
     11.181223744905      7.371038515627      0.336405332825
