DB12-MASMIC_clean_repeat
         0         3       368
     18.978000000000      0.000000000000      0.000000000000
      8.874681617129     23.927190102362      0.000000000000
      7.700723976206      3.969684510747     24.762132604592
Cu             1
      9.344004974719      5.645047510216      0.671796657563
N              2
      8.559939091121      7.812938051426      9.623802836775
C              3
      7.625690762065      8.133814474422      8.737318489530
H              4
      6.875788873718      8.597585312106      9.033225974155
C              5
      7.715743244563      7.811387641082      7.390258475841
H              6
      7.032301305725      8.055274951297      6.807110253002
C              7
      8.805072848587      7.137783882818      6.919777956353
C              8
      9.762721605301      6.808522034983      7.821119583161
H              9
     10.527407517748      6.353307835604      7.548736124510
C             10
      9.593895221003      7.153696061376      9.145893677506
H             11
     10.258422123698      6.901621810546      9.745137286537
C             12
      9.463385485755      0.714889661812      0.183239781274
C             13
      1.038837259639      1.383647986384      0.735435338356
H             14
     15.956175790463     13.022750758433     11.435152836801
C             15
     10.429012743798      2.747720257809      0.975628024621
H             16
     16.098437504795     10.768701552389     11.038958715127
N             17
      9.345698726318      3.476692575968      0.716863738903
C             18
      9.458526249730     11.125964619327     12.192874094501
H             19
     10.237095816436     10.649881120870     12.372399555885
C             20
      5.584033131555     10.493986798167      0.108953383460
H             21
      6.322959025976     10.894875130782      0.505147505134
C             22
      7.520581441867      5.962772445456      0.112667703351
N             23
      6.618432864725      7.986293038687     12.227541080148
Cu            24
      8.432697821949      8.303389796339     11.709269644734
N             25
      9.216763705546      6.135499255129      2.757263465521
C             26
     10.151012034603      5.814622832133      3.643747812766
H             27
     10.900913922949      5.350851994448      3.347840328141
C             28
     10.060959552105      6.137049665473      4.990807826456
H             29
     10.744401490943      5.893162355258      5.573956049294
C             30
      8.971629948081      6.810653423736      5.461288345943
C             31
      8.013981191366      7.139915271572      4.559946719136
H             32
      7.249295278919      7.595129470951      4.832330177786
C             33
      8.182807575664      6.794741245179      3.235172624790
H             34
      7.518280672969      7.046815496008      2.635929015759
C             35
      8.313317310913     13.233547644742     12.197826521022
C             36
     16.737865537028     12.564789320170     11.645630963940
H             37
      1.820527006205      0.925686548122      0.945913465495
C             38
      7.347690052870     11.200717048745     11.405438277675
H             39
      1.678265291873      3.179735754165      1.342107587169
N             40
      8.431004070350     10.471744730586     11.664202563393
C             41
      8.318176546938      2.822472687227      0.188192207795
H             42
      7.539606980232      3.298556185684      0.008666746412
C             43
     12.192669665112      3.454450508388     12.272112918836
H             44
     11.453743770692      3.053562175773     11.875918797163
C             45
     10.256121354800      7.985664861099     12.268398598945
N             46
     11.158269931943      5.962144267868      0.153525222148
Cu            47
     13.194366962822      7.629889765589     13.052862959859
N             48
     12.410301079225      9.797780306799     22.004869139071
C             49
     11.476052750168     10.118656729795     21.118384791827
H             50
     10.726150861821     10.582427567480     21.414292276452
C             51
     11.566105232666      9.796229896455     19.771324778137
H             52
     10.882663293828     10.040117206670     19.188176555299
C             53
     12.655434836690      9.122626138192     19.300844258650
C             54
     13.613083593405      8.793364290356     20.202185885457
H             55
     14.377769505852      8.338150090977     19.929802426806
C             56
     13.444257209107      9.138538316749     21.526959979802
H             57
     14.108784111802      8.886464065920     22.126203588834
C             58
     13.313747473858      2.699731917185     12.564306083570
C             59
      4.889199247743      3.368490241757     13.116501640653
H             60
     19.806537778566     15.007593013806     23.816219139097
C             61
     14.279374731901      4.732562513183     13.356694326917
H             62
     19.948799492898     12.753543807763     23.420025017424
N             63
     13.196060714421      5.461534831341     13.097930041199
C             64
     13.308888237833     13.110806874700     24.573940396798
H             65
     14.087457804539     12.634723376243     24.753465858181
C             66
      9.434395119659     12.478829053540     12.490019685756
H             67
     10.173321014079     12.879717386155     12.886213807430
C             68
     11.370943429971      7.947614700829     12.493734005647
N             69
     10.468794852828      9.971135294060     24.608607382444
Cu            70
     12.283059810052     10.288232051712     24.090335947030
N             71
     13.067125693650      8.120341510502     15.138329767818
C             72
     14.001374022706      7.799465087506     16.024814115062
H             73
     14.751275911053      7.335694249822     15.728906630437
C             74
     13.911321540208      8.121891920846     17.371874128752
H             75
     14.594763479046      7.878004610631     17.955022351590
C             76
     12.821991936184      8.795495679109     17.842354648239
C             77
     11.864343179470      9.124757526945     16.941013021432
H             78
     11.099657267023      9.579971726324     17.213396480082
C             79
     12.033169563768      8.779583500552     15.616238927086
H             80
     11.368642661073      9.031657751381     15.016995318055
C             81
     12.163679299016     15.218389900116     24.578892823318
C             82
     20.588227525132     14.549631575544     24.026697266236
H             83
      5.670888994308      2.910528803495     13.326979767792
C             84
     11.198052040973     13.185559304119     23.786504579971
H             85
      5.528627279976      5.164578009538     13.723173889465
N             86
     12.281366058453     12.456586985960     24.045268865689
C             87
     12.168538535041      4.807314942601     12.569258510091
H             88
     11.389968968335      5.283398441058     12.389733048708
C             89
     16.043031653216      5.439292763761     24.653179221132
H             90
     15.304105758795      5.038404431146     24.256985099459
C             91
     14.106483342904      9.970507116472     24.649464901242
N             92
     15.008631920046      7.946986523241     12.534591524445
Cu            93
     13.781345783283     17.608642561397      0.671796657563
N             94
     12.997279899686     19.776533102607      9.623802836775
C             95
     12.063031570629     20.097409525603      8.737318489530
H             96
     11.313129682283     20.561180363287      9.033225974155
C             97
     12.153084053127     19.774982692263      7.390258475841
H             98
     11.469642114289     20.018870002478      6.807110253002
C             99
     13.242413657151     19.101378934000      6.919777956353
C            100
     14.200062413866     18.772117086164      7.821119583161
H            101
     14.964748326313     18.316902886785      7.548736124510
C            102
     14.031236029568     19.117291112557      9.145893677506
H            103
     14.695762932263     18.865216861728      9.745137286537
C            104
     13.900726294319     12.678484712993      0.183239781274
C            105
      5.476178068204     13.347243037565      0.735435338356
H            106
     20.393516599027     24.986345809614     11.435152836801
C            107
     14.866353552362     14.711315308990      0.975628024621
H            108
     20.535778313360     22.732296603571     11.038958715127
N            109
     13.783039534882     15.440287627149      0.716863738903
C            110
     13.895867058294     23.089559670508     12.192874094501
H            111
     14.674436625000     22.613476172051     12.372399555885
C            112
     10.021373940120     22.457581849348      0.108953383460
H            113
     10.760299834541     22.858470181963      0.505147505134
C            114
     11.957922250432     17.926367496637      0.112667703351
N            115
     11.055773673289     19.949888089868     12.227541080148
Cu           116
     12.870038630514     20.266984847520     11.709269644734
N            117
     13.654104514111     18.099094306310      2.757263465521
C            118
     14.588352843168     17.778217883314      3.643747812766
H            119
     15.338254731514     17.314447045629      3.347840328141
C            120
     14.498300360670     18.100644716654      4.990807826456
H            121
     15.181742299508     17.856757406439      5.573956049294
C            122
     13.408970756646     18.774248474917      5.461288345943
C            123
     12.451321999931     19.103510322753      4.559946719136
H            124
     11.686636087484     19.558724522132      4.832330177786
C            125
     12.620148384229     18.758336296360      3.235172624790
H            126
     11.955621481534     19.010410547189      2.635929015759
C            127
     12.750658119478     25.197142695923     12.197826521022
C            128
     21.175206345593     24.528384371352     11.645630963940
H            129
      6.257867814770     12.889281599303      0.945913465495
C            130
     11.785030861435     23.164312099926     11.405438277675
H            131
      6.115606100437     15.143330805346      1.342107587169
N            132
     12.868344878915     22.435339781768     11.664202563393
C            133
     12.755517355503     14.786067738409      0.188192207795
H            134
     11.976947788797     15.262151236866      0.008666746412
C            135
     16.630010473677     15.418045559569     12.272112918836
H            136
     15.891084579256     15.017157226954     11.875918797163
C            137
     14.693462163365     19.949259912280     12.268398598945
N            138
     15.595610740508     17.925739319049      0.153525222148
Cu           139
     17.631707771386     19.593484816770     13.052862959859
N            140
     16.847641887789     21.761375357980     22.004869139071
C            141
     15.913393558732     22.082251780976     21.118384791827
H            142
     15.163491670386     22.546022618661     21.414292276452
C            143
     16.003446041231     21.759824947636     19.771324778137
H            144
     15.320004102392     22.003712257851     19.188176555299
C            145
     17.092775645254     21.086221189373     19.300844258650
C            146
     18.050424401969     20.756959341537     20.202185885457
H            147
     18.815110314416     20.301745142158     19.929802426806
C            148
     17.881598017671     21.102133367930     21.526959979802
H            149
     18.546124920366     20.850059117101     22.126203588834
C            150
     17.751088282422     14.663326968367     12.564306083570
C            151
      9.326540056307     15.332085292939     13.116501640653
H            152
     24.243878587130     26.971188064987     23.816219139097
C            153
     18.716715540465     16.696157564364     13.356694326917
H            154
     24.386140301463     24.717138858944     23.420025017424
N            155
     17.633401522986     17.425129882523     13.097930041199
C            156
     17.746229046397     25.074401925882     24.573940396798
H            157
     18.524798613103     24.598318427425     24.753465858181
C            158
     13.871735928223     24.442424104721     12.490019685756
H            159
     14.610661822644     24.843312437336     12.886213807430
C            160
     15.808284238535     19.911209752010     12.493734005647
N            161
     14.906135661392     21.934730345241     24.608607382444
Cu           162
     16.720400618617     22.251827102893     24.090335947030
N            163
     17.504466502214     20.083936561683     15.138329767818
C            164
     18.438714831271     19.763060138687     16.024814115062
H            165
     19.188616719617     19.299289301003     15.728906630437
C            166
     18.348662348773     20.085486972027     17.371874128752
H            167
     19.032104287611     19.841599661812     17.955022351590
C            168
     17.259332744749     20.759090730291     17.842354648239
C            169
     16.301683988034     21.088352578126     16.941013021432
H            170
     15.536998075587     21.543566777505     17.213396480082
C            171
     16.470510372332     20.743178551733     15.616238927086
H            172
     15.805983469637     20.995252802563     15.016995318055
C            173
     16.601020107581     27.181984951297     24.578892823318
C            174
     25.025568333696     26.513226626725     24.026697266236
H            175
     10.108229802873     14.874123854676     13.326979767792
C            176
     15.635392849538     25.149154355300     23.786504579971
H            177
      9.965968088540     17.128173060720     13.723173889465
N            178
     16.718706867018     24.420182037141     24.045268865689
C            179
     16.605879343606     16.770909993782     12.569258510091
H            180
     15.827309776900     17.246993492239     12.389733048708
C            181
     20.480372461780     17.402887814942     24.653179221132
H            182
     19.741446567359     17.001999482327     24.256985099459
C            183
     18.543824151468     21.934102167653     24.649464901242
N            184
     19.445972728611     19.910581574422     12.534591524445
Cu           185
     18.833004974719      5.645047510216      0.671796657563
N            186
     18.048939091121      7.812938051426      9.623802836775
C            187
     17.114690762065      8.133814474422      8.737318489530
H            188
     16.364788873718      8.597585312106      9.033225974155
C            189
     17.204743244563      7.811387641082      7.390258475841
H            190
     16.521301305725      8.055274951297      6.807110253002
C            191
     18.294072848587      7.137783882818      6.919777956353
C            192
     19.251721605301      6.808522034983      7.821119583161
H            193
     20.016407517748      6.353307835604      7.548736124510
C            194
     19.082895221003      7.153696061376      9.145893677506
H            195
     19.747422123698      6.901621810546      9.745137286537
C            196
     18.952385485755      0.714889661812      0.183239781274
C            197
     10.527837259639      1.383647986384      0.735435338356
H            198
     25.445175790463     13.022750758433     11.435152836801
C            199
     19.918012743798      2.747720257809      0.975628024621
H            200
     25.587437504795     10.768701552389     11.038958715127
N            201
     18.834698726318      3.476692575968      0.716863738903
C            202
     18.947526249730     11.125964619327     12.192874094501
H            203
     19.726095816436     10.649881120870     12.372399555885
C            204
     15.073033131555     10.493986798167      0.108953383460
H            205
     15.811959025976     10.894875130782      0.505147505134
C            206
     17.009581441867      5.962772445456      0.112667703351
N            207
     16.107432864725      7.986293038687     12.227541080148
Cu           208
     17.921697821949      8.303389796339     11.709269644734
N            209
     18.705763705546      6.135499255129      2.757263465521
C            210
     19.640012034603      5.814622832133      3.643747812766
H            211
     20.389913922949      5.350851994448      3.347840328141
C            212
     19.549959552105      6.137049665473      4.990807826456
H            213
     20.233401490943      5.893162355258      5.573956049294
C            214
     18.460629948081      6.810653423736      5.461288345943
C            215
     17.502981191366      7.139915271572      4.559946719136
H            216
     16.738295278919      7.595129470951      4.832330177786
C            217
     17.671807575664      6.794741245179      3.235172624790
H            218
     17.007280672969      7.046815496008      2.635929015759
C            219
     17.802317310913     13.233547644742     12.197826521022
C            220
     26.226865537028     12.564789320170     11.645630963940
H            221
     11.309527006205      0.925686548122      0.945913465495
C            222
     16.836690052870     11.200717048745     11.405438277675
H            223
     11.167265291873      3.179735754165      1.342107587169
N            224
     17.920004070350     10.471744730586     11.664202563393
C            225
     17.807176546938      2.822472687227      0.188192207795
H            226
     17.028606980232      3.298556185684      0.008666746412
C            227
     21.681669665112      3.454450508388     12.272112918836
H            228
     20.942743770692      3.053562175773     11.875918797163
C            229
     19.745121354800      7.985664861099     12.268398598945
N            230
     20.647269931943      5.962144267868      0.153525222148
Cu           231
     22.683366962822      7.629889765589     13.052862959859
N            232
     21.899301079225      9.797780306799     22.004869139071
C            233
     20.965052750168     10.118656729795     21.118384791827
H            234
     20.215150861821     10.582427567480     21.414292276452
C            235
     21.055105232666      9.796229896455     19.771324778137
H            236
     20.371663293828     10.040117206670     19.188176555299
C            237
     22.144434836690      9.122626138192     19.300844258650
C            238
     23.102083593405      8.793364290356     20.202185885457
H            239
     23.866769505852      8.338150090977     19.929802426806
C            240
     22.933257209107      9.138538316749     21.526959979802
H            241
     23.597784111802      8.886464065920     22.126203588834
C            242
     22.802747473858      2.699731917185     12.564306083570
C            243
     14.378199247743      3.368490241757     13.116501640653
H            244
     29.295537778566     15.007593013806     23.816219139097
C            245
     23.768374731901      4.732562513183     13.356694326917
H            246
     29.437799492898     12.753543807763     23.420025017424
N            247
     22.685060714421      5.461534831341     13.097930041199
C            248
     22.797888237833     13.110806874700     24.573940396798
H            249
     23.576457804539     12.634723376243     24.753465858181
C            250
     18.923395119659     12.478829053540     12.490019685756
H            251
     19.662321014079     12.879717386155     12.886213807430
C            252
     20.859943429971      7.947614700829     12.493734005647
N            253
     19.957794852828      9.971135294060     24.608607382444
Cu           254
     21.772059810052     10.288232051712     24.090335947030
N            255
     22.556125693650      8.120341510502     15.138329767818
C            256
     23.490374022706      7.799465087506     16.024814115062
H            257
     24.240275911053      7.335694249822     15.728906630437
C            258
     23.400321540208      8.121891920846     17.371874128752
H            259
     24.083763479046      7.878004610631     17.955022351590
C            260
     22.310991936184      8.795495679109     17.842354648239
C            261
     21.353343179470      9.124757526945     16.941013021432
H            262
     20.588657267023      9.579971726324     17.213396480082
C            263
     21.522169563768      8.779583500552     15.616238927086
H            264
     20.857642661073      9.031657751381     15.016995318055
C            265
     21.652679299016     15.218389900116     24.578892823318
C            266
     30.077227525132     14.549631575544     24.026697266236
H            267
     15.159888994308      2.910528803495     13.326979767792
C            268
     20.687052040973     13.185559304119     23.786504579971
H            269
     15.017627279976      5.164578009538     13.723173889465
N            270
     21.770366058453     12.456586985960     24.045268865689
C            271
     21.657538535041      4.807314942601     12.569258510091
H            272
     20.878968968335      5.283398441058     12.389733048708
C            273
     25.532031653216      5.439292763761     24.653179221132
H            274
     24.793105758795      5.038404431146     24.256985099459
C            275
     23.595483342904      9.970507116472     24.649464901242
N            276
     24.497631920046      7.946986523241     12.534591524445
Cu           277
     23.270345783283     17.608642561397      0.671796657563
N            278
     22.486279899686     19.776533102607      9.623802836775
C            279
     21.552031570629     20.097409525603      8.737318489530
H            280
     20.802129682283     20.561180363287      9.033225974155
C            281
     21.642084053127     19.774982692263      7.390258475841
H            282
     20.958642114289     20.018870002478      6.807110253002
C            283
     22.731413657151     19.101378934000      6.919777956353
C            284
     23.689062413866     18.772117086164      7.821119583161
H            285
     24.453748326313     18.316902886785      7.548736124510
C            286
     23.520236029568     19.117291112557      9.145893677506
H            287
     24.184762932263     18.865216861728      9.745137286537
C            288
     23.389726294319     12.678484712993      0.183239781274
C            289
     14.965178068204     13.347243037565      0.735435338356
H            290
     29.882516599027     24.986345809614     11.435152836801
C            291
     24.355353552362     14.711315308990      0.975628024621
H            292
     30.024778313360     22.732296603571     11.038958715127
N            293
     23.272039534882     15.440287627149      0.716863738903
C            294
     23.384867058294     23.089559670508     12.192874094501
H            295
     24.163436625000     22.613476172051     12.372399555885
C            296
     19.510373940120     22.457581849348      0.108953383460
H            297
     20.249299834541     22.858470181963      0.505147505134
C            298
     21.446922250432     17.926367496637      0.112667703351
N            299
     20.544773673289     19.949888089868     12.227541080148
Cu           300
     22.359038630514     20.266984847520     11.709269644734
N            301
     23.143104514111     18.099094306310      2.757263465521
C            302
     24.077352843168     17.778217883314      3.643747812766
H            303
     24.827254731514     17.314447045629      3.347840328141
C            304
     23.987300360670     18.100644716654      4.990807826456
H            305
     24.670742299508     17.856757406439      5.573956049294
C            306
     22.897970756646     18.774248474917      5.461288345943
C            307
     21.940321999931     19.103510322753      4.559946719136
H            308
     21.175636087484     19.558724522132      4.832330177786
C            309
     22.109148384229     18.758336296360      3.235172624790
H            310
     21.444621481534     19.010410547189      2.635929015759
C            311
     22.239658119478     25.197142695923     12.197826521022
C            312
     30.664206345593     24.528384371352     11.645630963940
H            313
     15.746867814770     12.889281599303      0.945913465495
C            314
     21.274030861435     23.164312099926     11.405438277675
H            315
     15.604606100437     15.143330805346      1.342107587169
N            316
     22.357344878915     22.435339781768     11.664202563393
C            317
     22.244517355503     14.786067738409      0.188192207795
H            318
     21.465947788797     15.262151236866      0.008666746412
C            319
     26.119010473677     15.418045559569     12.272112918836
H            320
     25.380084579256     15.017157226954     11.875918797163
C            321
     24.182462163365     19.949259912280     12.268398598945
N            322
     25.084610740508     17.925739319049      0.153525222148
Cu           323
     27.120707771386     19.593484816770     13.052862959859
N            324
     26.336641887789     21.761375357980     22.004869139071
C            325
     25.402393558732     22.082251780976     21.118384791827
H            326
     24.652491670386     22.546022618661     21.414292276452
C            327
     25.492446041231     21.759824947636     19.771324778137
H            328
     24.809004102392     22.003712257851     19.188176555299
C            329
     26.581775645254     21.086221189373     19.300844258650
C            330
     27.539424401969     20.756959341537     20.202185885457
H            331
     28.304110314416     20.301745142158     19.929802426806
C            332
     27.370598017671     21.102133367930     21.526959979802
H            333
     28.035124920366     20.850059117101     22.126203588834
C            334
     27.240088282422     14.663326968367     12.564306083570
C            335
     18.815540056307     15.332085292939     13.116501640653
H            336
     33.732878587130     26.971188064987     23.816219139097
C            337
     28.205715540465     16.696157564364     13.356694326917
H            338
     33.875140301463     24.717138858944     23.420025017424
N            339
     27.122401522986     17.425129882523     13.097930041199
C            340
     27.235229046397     25.074401925882     24.573940396798
H            341
     28.013798613103     24.598318427425     24.753465858181
C            342
     23.360735928223     24.442424104721     12.490019685756
H            343
     24.099661822644     24.843312437336     12.886213807430
C            344
     25.297284238535     19.911209752010     12.493734005647
N            345
     24.395135661392     21.934730345241     24.608607382444
Cu           346
     26.209400618617     22.251827102893     24.090335947030
N            347
     26.993466502214     20.083936561683     15.138329767818
C            348
     27.927714831271     19.763060138687     16.024814115062
H            349
     28.677616719617     19.299289301003     15.728906630437
C            350
     27.837662348773     20.085486972027     17.371874128752
H            351
     28.521104287611     19.841599661812     17.955022351590
C            352
     26.748332744749     20.759090730291     17.842354648239
C            353
     25.790683988034     21.088352578126     16.941013021432
H            354
     25.025998075587     21.543566777505     17.213396480082
C            355
     25.959510372332     20.743178551733     15.616238927086
H            356
     25.294983469637     20.995252802563     15.016995318055
C            357
     26.090020107581     27.181984951297     24.578892823318
C            358
     34.514568333696     26.513226626725     24.026697266236
H            359
     19.597229802873     14.874123854676     13.326979767792
C            360
     25.124392849538     25.149154355300     23.786504579971
H            361
     19.454968088540     17.128173060720     13.723173889465
N            362
     26.207706867018     24.420182037141     24.045268865689
C            363
     26.094879343606     16.770909993782     12.569258510091
H            364
     25.316309776900     17.246993492239     12.389733048708
C            365
     29.969372461780     17.402887814942     24.653179221132
H            366
     29.230446567359     17.001999482327     24.256985099459
C            367
     28.032824151468     21.934102167653     24.649464901242
N            368
     28.934972728611     19.910581574422     12.534591524445
