calf-20
         0         3       352
     17.827600000000      0.000000000000      0.000000000000
      0.000000000000     19.387000000000      0.000000000000
     -8.283417900343      0.000000000000     17.062815234547
Zn             1
     -0.241297908345      0.559411885000      3.726433533149
Zn             2
      7.084243433260      5.406161885000      0.539270275488
Zn             3
      5.013388958174      9.134088115000      4.804974084124
Zn             4
     -2.312152383431      4.287338115000      7.992137341785
N              5
     -1.250846366348      8.619460200000      3.142117425442
N              6
      8.093791891262      3.772710200000      1.123586383195
N              7
      6.022937416177      1.074039800000      5.389290191832
N              8
     -3.321700841434      5.920789800000      7.407821234078
N              9
      6.393846970430      8.263708750000      3.497877123082
N             10
      0.449098554485      3.416958750000      0.767826685555
N             11
     -1.621755920601      1.429791250000      5.033530494191
N             12
      4.322992495344      6.276541250000      7.763580931719
N             13
      7.093938988156      6.868814100000      1.927244980742
N             14
     -0.250993463242      2.022064100000      2.338458827895
N             15
     -2.321847938328      2.824685900000      6.604162636531
N             16
      5.023084513070      7.671435900000      6.192948789379
O             17
      1.125604438605      0.737675350000      5.205864928060
O             18
      1.575632136137      5.584425350000      7.591246497850
O             19
      3.646486611223      8.955824650000      3.325542689213
O             20
      3.196458913691      4.109074650000      0.940161119424
O             21
      3.231290674744      0.297590450000      5.743343607948
O             22
     -0.530054100002      5.144340450000      7.053767817962
O             23
      1.540800375084      9.395909550000      2.788064009325
O             24
      5.302145149830      4.549159550000      1.477639799312
C             25
     -0.880227576304      7.771278950000      2.207928291350
C             26
      7.723173101219      2.924528950000      2.057775517286
C             27
      5.652318626133      1.922221050000      6.323479325923
C             28
     -2.951082051390      6.768971050000      6.473632099987
H             29
     -0.033194327006      7.798420750000      1.779651628963
H             30
      6.876139851920      2.951670750000      2.486052179673
H             31
      4.805285376834      1.895079250000      6.751755988310
H             32
     -2.104048802092      6.741829250000      6.045355437600
C             33
      6.099965767305      7.217780100000      2.757350941903
C             34
      0.742979757610      2.371030100000      1.508352866734
C             35
     -1.327874717476      2.475719900000      5.774056675371
C             36
      4.029111292219      7.322469900000      7.023054750539
H             37
      5.270550506289      6.757338850000      2.805979965321
H             38
      1.572395018626      1.910588850000      1.459723843315
H             39
     -0.498459456460      2.936161150000      5.725427651952
H             40
      3.199696031203      7.782911150000      7.071683773958
C             41
      2.269558485475      0.298559800000      4.961013529444
C             42
      0.431678089267      5.145309800000      7.836097896466
C             43
      2.502532564353      9.394940200000      3.570394087829
C             44
      4.340412960561      4.548190200000      0.695309720808
Zn            45
     -4.383006858517      0.559411885000     12.257841150422
Zn            46
      2.942534483088      5.406161885000      9.070677892761
Zn            47
      0.871680008002      9.134088115000     13.336381701398
Zn            48
     -6.453861333603      4.287338115000     16.523544959059
N             49
     -5.392555316520      8.619460200000     11.673525042715
N             50
      3.952082941091      3.772710200000      9.654994000468
N             51
      1.881228466005      1.074039800000     13.920697809105
N             52
     -7.463409791606      5.920789800000     15.939228851352
N             53
      2.252138020258      8.263708750000     12.029284740355
N             54
     -3.692610395687      3.416958750000      9.299234302828
N             55
     -5.763464870773      1.429791250000     13.564938111465
N             56
      0.181283545172      6.276541250000     16.294988548992
N             57
      2.952230037985      6.868814100000     10.458652598015
N             58
     -4.392702413414      2.022064100000     10.869866445168
N             59
     -6.463556888499      2.824685900000     15.135570253805
N             60
      0.881375562899      7.671435900000     14.724356406652
O             61
     -3.016104511566      0.737675350000     13.737272545333
O             62
     -2.566076814034      5.584425350000     16.122654115123
O             63
     -0.495222338948      8.955824650000     11.856950306486
O             64
     -0.945250036480      4.109074650000      9.471568736697
O             65
     -0.910418275427      0.297590450000     14.274751225222
O             66
     -4.671763050173      5.144340450000     15.585175435235
O             67
     -2.600908575088      9.395909550000     11.319471626598
O             68
      1.160436199659      4.549159550000     10.009047416585
C             69
     -5.021936526476      7.771278950000     10.739335908624
C             70
      3.581464151047      2.924528950000     10.589183134560
C             71
      1.510609675961      1.922221050000     14.854886943196
C             72
     -7.092791001562      6.768971050000     15.005039717260
H             73
     -4.174903277177      7.798420750000     10.311059246236
H             74
      2.734430901748      2.951670750000     11.017459796947
H             75
      0.663576426663      1.895079250000     15.283163605583
H             76
     -6.245757752263      6.741829250000     14.576763054873
C             77
      1.958256817133      7.217780100000     11.288758559176
C             78
     -3.398729192562      2.371030100000     10.039760484007
C             79
     -5.469583667648      2.475719900000     14.305464292644
C             80
     -0.112597657953      7.322469900000     15.554462367813
H             81
      1.128841556117      6.757338850000     11.337387582594
H             82
     -2.569313931546      1.910588850000      9.991131460589
H             83
     -4.640168406632      2.936161150000     14.256835269225
H             84
     -0.942012918969      7.782911150000     15.603091391231
C             85
     -1.872150464696      0.298559800000     13.492421146718
C             86
     -3.710030860904      5.145309800000     16.367505513739
C             87
     -1.639176385818      9.394940200000     12.101801705102
C             88
      0.198704010389      4.548190200000      9.226717338081
Zn            89
     -0.241297908345     10.252911885000      3.726433533149
Zn            90
      7.084243433260     15.099661885000      0.539270275488
Zn            91
      5.013388958174     18.827588115000      4.804974084124
Zn            92
     -2.312152383431     13.980838115000      7.992137341785
N             93
     -1.250846366348     18.312960200000      3.142117425442
N             94
      8.093791891262     13.466210200000      1.123586383195
N             95
      6.022937416177     10.767539800000      5.389290191832
N             96
     -3.321700841434     15.614289800000      7.407821234078
N             97
      6.393846970430     17.957208750000      3.497877123082
N             98
      0.449098554485     13.110458750000      0.767826685555
N             99
     -1.621755920601     11.123291250000      5.033530494191
N            100
      4.322992495344     15.970041250000      7.763580931719
N            101
      7.093938988156     16.562314100000      1.927244980742
N            102
     -0.250993463242     11.715564100000      2.338458827895
N            103
     -2.321847938328     12.518185900000      6.604162636531
N            104
      5.023084513070     17.364935900000      6.192948789379
O            105
      1.125604438605     10.431175350000      5.205864928060
O            106
      1.575632136137     15.277925350000      7.591246497850
O            107
      3.646486611223     18.649324650000      3.325542689213
O            108
      3.196458913691     13.802574650000      0.940161119424
O            109
      3.231290674744      9.991090450000      5.743343607948
O            110
     -0.530054100002     14.837840450000      7.053767817962
O            111
      1.540800375084     19.089409550000      2.788064009325
O            112
      5.302145149830     14.242659550000      1.477639799312
C            113
     -0.880227576304     17.464778950000      2.207928291350
C            114
      7.723173101219     12.618028950000      2.057775517286
C            115
      5.652318626133     11.615721050000      6.323479325923
C            116
     -2.951082051390     16.462471050000      6.473632099987
H            117
     -0.033194327006     17.491920750000      1.779651628963
H            118
      6.876139851920     12.645170750000      2.486052179673
H            119
      4.805285376834     11.588579250000      6.751755988310
H            120
     -2.104048802092     16.435329250000      6.045355437600
C            121
      6.099965767305     16.911280100000      2.757350941903
C            122
      0.742979757610     12.064530100000      1.508352866734
C            123
     -1.327874717476     12.169219900000      5.774056675371
C            124
      4.029111292219     17.015969900000      7.023054750539
H            125
      5.270550506289     16.450838850000      2.805979965321
H            126
      1.572395018626     11.604088850000      1.459723843315
H            127
     -0.498459456460     12.629661150000      5.725427651952
H            128
      3.199696031203     17.476411150000      7.071683773958
C            129
      2.269558485475      9.992059800000      4.961013529444
C            130
      0.431678089267     14.838809800000      7.836097896466
C            131
      2.502532564353     19.088440200000      3.570394087829
C            132
      4.340412960561     14.241690200000      0.695309720808
Zn           133
     -4.383006858517     10.252911885000     12.257841150422
Zn           134
      2.942534483088     15.099661885000      9.070677892761
Zn           135
      0.871680008002     18.827588115000     13.336381701398
Zn           136
     -6.453861333603     13.980838115000     16.523544959059
N            137
     -5.392555316520     18.312960200000     11.673525042715
N            138
      3.952082941091     13.466210200000      9.654994000468
N            139
      1.881228466005     10.767539800000     13.920697809105
N            140
     -7.463409791606     15.614289800000     15.939228851352
N            141
      2.252138020258     17.957208750000     12.029284740355
N            142
     -3.692610395687     13.110458750000      9.299234302828
N            143
     -5.763464870773     11.123291250000     13.564938111465
N            144
      0.181283545172     15.970041250000     16.294988548992
N            145
      2.952230037985     16.562314100000     10.458652598015
N            146
     -4.392702413414     11.715564100000     10.869866445168
N            147
     -6.463556888499     12.518185900000     15.135570253805
N            148
      0.881375562899     17.364935900000     14.724356406652
O            149
     -3.016104511566     10.431175350000     13.737272545333
O            150
     -2.566076814034     15.277925350000     16.122654115123
O            151
     -0.495222338948     18.649324650000     11.856950306486
O            152
     -0.945250036480     13.802574650000      9.471568736697
O            153
     -0.910418275427      9.991090450000     14.274751225222
O            154
     -4.671763050173     14.837840450000     15.585175435235
O            155
     -2.600908575088     19.089409550000     11.319471626598
O            156
      1.160436199659     14.242659550000     10.009047416585
C            157
     -5.021936526476     17.464778950000     10.739335908624
C            158
      3.581464151047     12.618028950000     10.589183134560
C            159
      1.510609675961     11.615721050000     14.854886943196
C            160
     -7.092791001562     16.462471050000     15.005039717260
H            161
     -4.174903277177     17.491920750000     10.311059246236
H            162
      2.734430901748     12.645170750000     11.017459796947
H            163
      0.663576426663     11.588579250000     15.283163605583
H            164
     -6.245757752263     16.435329250000     14.576763054873
C            165
      1.958256817133     16.911280100000     11.288758559176
C            166
     -3.398729192562     12.064530100000     10.039760484007
C            167
     -5.469583667648     12.169219900000     14.305464292644
C            168
     -0.112597657953     17.015969900000     15.554462367813
H            169
      1.128841556117     16.450838850000     11.337387582594
H            170
     -2.569313931546     11.604088850000      9.991131460589
H            171
     -4.640168406632     12.629661150000     14.256835269225
H            172
     -0.942012918969     17.476411150000     15.603091391231
C            173
     -1.872150464696      9.992059800000     13.492421146718
C            174
     -3.710030860904     14.838809800000     16.367505513739
C            175
     -1.639176385818     19.088440200000     12.101801705102
C            176
      0.198704010389     14.241690200000      9.226717338081
Zn           177
      8.672502091655      0.559411885000      3.726433533149
Zn           178
     15.998043433260      5.406161885000      0.539270275488
Zn           179
     13.927188958174      9.134088115000      4.804974084124
Zn           180
      6.601647616569      4.287338115000      7.992137341785
N            181
      7.662953633652      8.619460200000      3.142117425442
N            182
     17.007591891262      3.772710200000      1.123586383195
N            183
     14.936737416177      1.074039800000      5.389290191832
N            184
      5.592099158566      5.920789800000      7.407821234078
N            185
     15.307646970430      8.263708750000      3.497877123082
N            186
      9.362898554485      3.416958750000      0.767826685555
N            187
      7.292044079399      1.429791250000      5.033530494191
N            188
     13.236792495344      6.276541250000      7.763580931719
N            189
     16.007738988156      6.868814100000      1.927244980742
N            190
      8.662806536758      2.022064100000      2.338458827895
N            191
      6.591952061672      2.824685900000      6.604162636531
N            192
     13.936884513070      7.671435900000      6.192948789379
O            193
     10.039404438605      0.737675350000      5.205864928060
O            194
     10.489432136137      5.584425350000      7.591246497850
O            195
     12.560286611223      8.955824650000      3.325542689213
O            196
     12.110258913691      4.109074650000      0.940161119424
O            197
     12.145090674744      0.297590450000      5.743343607948
O            198
      8.383745899998      5.144340450000      7.053767817962
O            199
     10.454600375084      9.395909550000      2.788064009325
O            200
     14.215945149830      4.549159550000      1.477639799312
C            201
      8.033572423696      7.771278950000      2.207928291350
C            202
     16.636973101219      2.924528950000      2.057775517286
C            203
     14.566118626133      1.922221050000      6.323479325923
C            204
      5.962717948610      6.768971050000      6.473632099987
H            205
      8.880605672994      7.798420750000      1.779651628963
H            206
     15.789939851920      2.951670750000      2.486052179673
H            207
     13.719085376834      1.895079250000      6.751755988310
H            208
      6.809751197908      6.741829250000      6.045355437600
C            209
     15.013765767305      7.217780100000      2.757350941903
C            210
      9.656779757610      2.371030100000      1.508352866734
C            211
      7.585925282524      2.475719900000      5.774056675371
C            212
     12.942911292219      7.322469900000      7.023054750539
H            213
     14.184350506289      6.757338850000      2.805979965321
H            214
     10.486195018626      1.910588850000      1.459723843315
H            215
      8.415340543540      2.936161150000      5.725427651952
H            216
     12.113496031203      7.782911150000      7.071683773958
C            217
     11.183358485475      0.298559800000      4.961013529444
C            218
      9.345478089267      5.145309800000      7.836097896466
C            219
     11.416332564353      9.394940200000      3.570394087829
C            220
     13.254212960561      4.548190200000      0.695309720808
Zn           221
      4.530793141483      0.559411885000     12.257841150422
Zn           222
     11.856334483088      5.406161885000      9.070677892761
Zn           223
      9.785480008002      9.134088115000     13.336381701398
Zn           224
      2.459938666397      4.287338115000     16.523544959059
N            225
      3.521244683480      8.619460200000     11.673525042715
N            226
     12.865882941091      3.772710200000      9.654994000468
N            227
     10.795028466005      1.074039800000     13.920697809105
N            228
      1.450390208394      5.920789800000     15.939228851352
N            229
     11.165938020258      8.263708750000     12.029284740355
N            230
      5.221189604313      3.416958750000      9.299234302828
N            231
      3.150335129227      1.429791250000     13.564938111465
N            232
      9.095083545172      6.276541250000     16.294988548992
N            233
     11.866030037985      6.868814100000     10.458652598015
N            234
      4.521097586586      2.022064100000     10.869866445168
N            235
      2.450243111501      2.824685900000     15.135570253805
N            236
      9.795175562899      7.671435900000     14.724356406652
O            237
      5.897695488434      0.737675350000     13.737272545333
O            238
      6.347723185966      5.584425350000     16.122654115123
O            239
      8.418577661052      8.955824650000     11.856950306486
O            240
      7.968549963520      4.109074650000      9.471568736697
O            241
      8.003381724573      0.297590450000     14.274751225222
O            242
      4.242036949827      5.144340450000     15.585175435235
O            243
      6.312891424912      9.395909550000     11.319471626598
O            244
     10.074236199659      4.549159550000     10.009047416585
C            245
      3.891863473524      7.771278950000     10.739335908624
C            246
     12.495264151047      2.924528950000     10.589183134560
C            247
     10.424409675961      1.922221050000     14.854886943196
C            248
      1.821008998438      6.768971050000     15.005039717260
H            249
      4.738896722823      7.798420750000     10.311059246236
H            250
     11.648230901748      2.951670750000     11.017459796947
H            251
      9.577376426663      1.895079250000     15.283163605583
H            252
      2.668042247737      6.741829250000     14.576763054873
C            253
     10.872056817133      7.217780100000     11.288758559176
C            254
      5.515070807438      2.371030100000     10.039760484007
C            255
      3.444216332352      2.475719900000     14.305464292644
C            256
      8.801202342047      7.322469900000     15.554462367813
H            257
     10.042641556117      6.757338850000     11.337387582594
H            258
      6.344486068454      1.910588850000      9.991131460589
H            259
      4.273631593368      2.936161150000     14.256835269225
H            260
      7.971787081031      7.782911150000     15.603091391231
C            261
      7.041649535304      0.298559800000     13.492421146718
C            262
      5.203769139096      5.145309800000     16.367505513739
C            263
      7.274623614182      9.394940200000     12.101801705102
C            264
      9.112504010389      4.548190200000      9.226717338081
Zn           265
      8.672502091655     10.252911885000      3.726433533149
Zn           266
     15.998043433260     15.099661885000      0.539270275488
Zn           267
     13.927188958174     18.827588115000      4.804974084124
Zn           268
      6.601647616569     13.980838115000      7.992137341785
N            269
      7.662953633652     18.312960200000      3.142117425442
N            270
     17.007591891262     13.466210200000      1.123586383195
N            271
     14.936737416177     10.767539800000      5.389290191832
N            272
      5.592099158566     15.614289800000      7.407821234078
N            273
     15.307646970430     17.957208750000      3.497877123082
N            274
      9.362898554485     13.110458750000      0.767826685555
N            275
      7.292044079399     11.123291250000      5.033530494191
N            276
     13.236792495344     15.970041250000      7.763580931719
N            277
     16.007738988156     16.562314100000      1.927244980742
N            278
      8.662806536758     11.715564100000      2.338458827895
N            279
      6.591952061672     12.518185900000      6.604162636531
N            280
     13.936884513070     17.364935900000      6.192948789379
O            281
     10.039404438605     10.431175350000      5.205864928060
O            282
     10.489432136137     15.277925350000      7.591246497850
O            283
     12.560286611223     18.649324650000      3.325542689213
O            284
     12.110258913691     13.802574650000      0.940161119424
O            285
     12.145090674744      9.991090450000      5.743343607948
O            286
      8.383745899998     14.837840450000      7.053767817962
O            287
     10.454600375084     19.089409550000      2.788064009325
O            288
     14.215945149830     14.242659550000      1.477639799312
C            289
      8.033572423696     17.464778950000      2.207928291350
C            290
     16.636973101219     12.618028950000      2.057775517286
C            291
     14.566118626133     11.615721050000      6.323479325923
C            292
      5.962717948610     16.462471050000      6.473632099987
H            293
      8.880605672994     17.491920750000      1.779651628963
H            294
     15.789939851920     12.645170750000      2.486052179673
H            295
     13.719085376834     11.588579250000      6.751755988310
H            296
      6.809751197908     16.435329250000      6.045355437600
C            297
     15.013765767305     16.911280100000      2.757350941903
C            298
      9.656779757610     12.064530100000      1.508352866734
C            299
      7.585925282524     12.169219900000      5.774056675371
C            300
     12.942911292219     17.015969900000      7.023054750539
H            301
     14.184350506289     16.450838850000      2.805979965321
H            302
     10.486195018626     11.604088850000      1.459723843315
H            303
      8.415340543540     12.629661150000      5.725427651952
H            304
     12.113496031203     17.476411150000      7.071683773958
C            305
     11.183358485475      9.992059800000      4.961013529444
C            306
      9.345478089267     14.838809800000      7.836097896466
C            307
     11.416332564353     19.088440200000      3.570394087829
C            308
     13.254212960561     14.241690200000      0.695309720808
Zn           309
      4.530793141483     10.252911885000     12.257841150422
Zn           310
     11.856334483088     15.099661885000      9.070677892761
Zn           311
      9.785480008002     18.827588115000     13.336381701398
Zn           312
      2.459938666397     13.980838115000     16.523544959059
N            313
      3.521244683480     18.312960200000     11.673525042715
N            314
     12.865882941091     13.466210200000      9.654994000468
N            315
     10.795028466005     10.767539800000     13.920697809105
N            316
      1.450390208394     15.614289800000     15.939228851352
N            317
     11.165938020258     17.957208750000     12.029284740355
N            318
      5.221189604313     13.110458750000      9.299234302828
N            319
      3.150335129227     11.123291250000     13.564938111465
N            320
      9.095083545172     15.970041250000     16.294988548992
N            321
     11.866030037985     16.562314100000     10.458652598015
N            322
      4.521097586586     11.715564100000     10.869866445168
N            323
      2.450243111501     12.518185900000     15.135570253805
N            324
      9.795175562899     17.364935900000     14.724356406652
O            325
      5.897695488434     10.431175350000     13.737272545333
O            326
      6.347723185966     15.277925350000     16.122654115123
O            327
      8.418577661052     18.649324650000     11.856950306486
O            328
      7.968549963520     13.802574650000      9.471568736697
O            329
      8.003381724573      9.991090450000     14.274751225222
O            330
      4.242036949827     14.837840450000     15.585175435235
O            331
      6.312891424912     19.089409550000     11.319471626598
O            332
     10.074236199659     14.242659550000     10.009047416585
C            333
      3.891863473524     17.464778950000     10.739335908624
C            334
     12.495264151047     12.618028950000     10.589183134560
C            335
     10.424409675961     11.615721050000     14.854886943196
C            336
      1.821008998438     16.462471050000     15.005039717260
H            337
      4.738896722823     17.491920750000     10.311059246236
H            338
     11.648230901748     12.645170750000     11.017459796947
H            339
      9.577376426663     11.588579250000     15.283163605583
H            340
      2.668042247737     16.435329250000     14.576763054873
C            341
     10.872056817133     16.911280100000     11.288758559176
C            342
      5.515070807438     12.064530100000     10.039760484007
C            343
      3.444216332352     12.169219900000     14.305464292644
C            344
      8.801202342047     17.015969900000     15.554462367813
H            345
     10.042641556117     16.450838850000     11.337387582594
H            346
      6.344486068454     11.604088850000      9.991131460589
H            347
      4.273631593368     12.629661150000     14.256835269225
H            348
      7.971787081031     17.476411150000     15.603091391231
C            349
      7.041649535304      9.992059800000     13.492421146718
C            350
      5.203769139096     14.838809800000     16.367505513739
C            351
      7.274623614182     19.088440200000     12.101801705102
C            352
      9.112504010389     14.241690200000      9.226717338081
