calf-20
         0         3        44
      8.913800000000      0.000000000000      0.000000000000
      0.000000000000      9.693500000000      0.000000000000
     -4.141708950172      0.000000000000      8.531407617273
Zn             1
     -0.241297908345      0.559411885000      3.726433533149
Zn             2
      7.084243433260      5.406161885000      0.539270275488
Zn             3
      5.013388958174      9.134088115000      4.804974084124
Zn             4
     -2.312152383431      4.287338115000      7.992137341785
N              5
     -1.250846366348      8.619460200000      3.142117425442
N              6
      8.093791891262      3.772710200000      1.123586383195
N              7
      6.022937416177      1.074039800000      5.389290191832
N              8
     -3.321700841434      5.920789800000      7.407821234078
N              9
      6.393846970430      8.263708750000      3.497877123082
N             10
      0.449098554485      3.416958750000      0.767826685555
N             11
     -1.621755920601      1.429791250000      5.033530494191
N             12
      4.322992495344      6.276541250000      7.763580931719
N             13
      7.093938988156      6.868814100000      1.927244980742
N             14
     -0.250993463242      2.022064100000      2.338458827895
N             15
     -2.321847938328      2.824685900000      6.604162636531
N             16
      5.023084513070      7.671435900000      6.192948789379
O             17
      1.125604438605      0.737675350000      5.205864928060
O             18
      1.575632136137      5.584425350000      7.591246497850
O             19
      3.646486611223      8.955824650000      3.325542689213
O             20
      3.196458913691      4.109074650000      0.940161119424
O             21
      3.231290674744      0.297590450000      5.743343607948
O             22
     -0.530054100002      5.144340450000      7.053767817962
O             23
      1.540800375084      9.395909550000      2.788064009325
O             24
      5.302145149830      4.549159550000      1.477639799312
C             25
     -0.880227576304      7.771278950000      2.207928291350
C             26
      7.723173101219      2.924528950000      2.057775517286
C             27
      5.652318626133      1.922221050000      6.323479325923
C             28
     -2.951082051390      6.768971050000      6.473632099987
H             29
     -0.033194327006      7.798420750000      1.779651628963
H             30
      6.876139851920      2.951670750000      2.486052179673
H             31
      4.805285376834      1.895079250000      6.751755988310
H             32
     -2.104048802092      6.741829250000      6.045355437600
C             33
      6.099965767305      7.217780100000      2.757350941903
C             34
      0.742979757610      2.371030100000      1.508352866734
C             35
     -1.327874717476      2.475719900000      5.774056675371
C             36
      4.029111292219      7.322469900000      7.023054750539
H             37
      5.270550506289      6.757338850000      2.805979965321
H             38
      1.572395018626      1.910588850000      1.459723843315
H             39
     -0.498459456460      2.936161150000      5.725427651952
H             40
      3.199696031203      7.782911150000      7.071683773958
C             41
      2.269558485475      0.298559800000      4.961013529444
C             42
      0.431678089267      5.145309800000      7.836097896466
C             43
      2.502532564353      9.394940200000      3.570394087829
C             44
      4.340412960561      4.548190200000      0.695309720808
